000001
000002
000003
000004
000005
000006
000007
000008
000009
000010
000011
000012
000013
000015
000016
000017
000018
000019
000020
000021
000022
000023
000025
000026
000027
000028
000029
000030
000031
000032
000033
000034
000035
000036
000037
000038
000039
000040
000041
000042
000043
000044
000045
000046
000047
000048
000049
000050
000051
000052
000053
000054
000055
000056
000057
000058
000059
000060
000061
000062
000063
000064
000065
000066
000067
000068
000069
000070
000071
000072
000073
000074
000075
000076
000077
000078
000079
000090
000091
000092
000093
000094
000095
000096
000097
000098
000099
000100
000101
000102
000103
000104
000105
000106
000107
000108
000109
000110
000111
000112
000113
000114
000115
000116
000117
000118
000119
000120
000121
000122
000123
000125
000126
000128
000129
000130
000131
000132
000133
000134
000135
000136
000137
000138
000139
000141
000142
000145
000146
000147
000148
000149
000150
000151
000152
000153
000155
000158
000801
000802
000803
000804
000805
000806
000807
000808
000809
000810
000811
000812
000813
000814
000815
000816
000817
000818
000819
000820
000821
000822
000823
000824
000825
000826
000827
000828
000829
000830
000831
000832
000833
000838
000839
000840
000841
000842
000843
000844
000846
000847
000849
000850
000851
600000
600004
600005
600006
600007
600008
600009
600010
600011
600012
600015
600016
600017
600018
600019
600020
600021
600022
600023
600026
600027
600028
600029
600030
600031
600033
600035
600036
600037
600038
600039
600048
600050
600051
600052
600053
600054
600055
600056
600057
600058
600059
600060
600061
600062
600063
600064
600066
600067
600068
600069
600070
600071
600073
600074
600076
600077
600078
600079
600080
600081
600082
600083
600084
600085
600086
600088
600089
600090
600093
600094
600095
600096
600097
600098
600099
600100
600101
600103
600104
600105
600106
600107
600108
600109
600110
600111
600112
600113
600114
600115
600116
600117
600118
600119
600120
600121
600122
600123
600125
600126
600127
600128
600129
600130
600131
600132
600133
600135
600136
600137
600138
600139
600141
600143
600146
600148
600149
600150
600151
600152
600153
600155
600156
600157
600158
600159
600160
600161
600162
600163
600165
600166
600167
600168
600169
600170
600171
600172
600173
600175
600176
600177
600179
600180
600182
600183
600184
600185
600186
600187
600188
600189
600190
600191
600192
600193
600195
600196
600197
600198
600199
600200
600201
600202
600203
600206
600207
600208
600209
600210
600211
600212
600213
600215
600216
600217
600218
600219
600220
600221
600222
600223
600225
600226
600227
600229
600230
600231
600232
600233
600234
600235
600236
600237
600238
600239
600240
600241
600242
600243
600246
600248
600249
600250
600251
600252
600255
600256
600257
600258
600259
600260
600261
600262
600266
600267
600268
600269
600270
600271
600272
600273
600275
600276
600277
600278
600279
600280
600281
600283
600284
600285
600287
600288
600289
600290
600291
600292
600293
600295
600297
600298
600300
600302
600303
600305
600307
600308
600309
600310
600311
600312
600313
600315
600316
600317
600318
600319
600320
600321
600322
600323
600325
600326
600327
600328
600329
600330
600331
600332
600333
600335
600336
600337
600338
600339
600340
600343
600345
600346
600348
600350
600351
600352
600353
600354
600355
600356
600358
600359
600360
600361
600362
600363
600365
600366
600367
600368
600369
600370
600371
600372
600373
600375
600376
600377
600378
600379
600380
600382
600383
600386
600387
600388
600389
600390
600391
600392
600393
600395
600396
600397
600398
600399
600400
600401
600403
600405
600406
600408
600409
600410
600415
600416
600418
600419
600420
600421
600422
600423
600425
600426
600428
600429
600432
600433
600435
600436
600438
600439
600444
600446
600448
600449
600452
600455
600456
600458
600459
600460
600461
600462
600463
600466
600467
600468
600469
600470
600475
600476
600477
600478
600479
600480
600481
600482
600483
600485
600486
600487
600488
600489
600490
600491
600493
600495
600496
600497
600498
600499
600500
600501
600502
600503
600505
600506
600507
600508
600509
600510
600511
600512
600513
600515
600516
600517
600518
600519
600520
600521
600522
600523
600525
600526
600527
600528
600529
600530
600531
600532
600533
600535
600536
600537
600538
600539
600540
600543
600545
600546
600547
600548
600549
600551
600552
600555
600556
600557
600558
600559
600560
600561
600562
600563
600565
600566
600567
600568
600569
600570
600571
600572
600573
600575
600576
600577
600578
600579
600580
600581
600582
600583
600584
600585
600586
600587
600588
600589
600590
600592
600593
600594
600595
600596
600597
600599
600600
600601
600602
600603
600604
600605
600606
600608
600609
600611
600612
600613
600614
600615
600616
600617
600618
600619
600620
600621
600622
600623
600624
600626
600628
600629
600630
600633
600634
600635
600636
600637
600638
600639
600640
600641
600642
600643
600644
600645
600647
600648
600649
600650
600651
600652
600653
600654
600655
600656
600657
600658
600660
600661
600662
600663
600664
600665
600666
600667
600668
600671
600673
600674
600675
600676
600677
600678
600679
600680
600681
600682
600683
600684
600685
600686
600687
600688
600690
600691
600692
600693
600694
600695
600696
600697
600698
600699
600701
600702
600703
600704
600705
600706
600707
600708
600710
600711
600712
600713
600714
600715
600716
600717
600718
600719
600720
600721
600722
600723
600724
600725
600726
600727
600728
600729
600730
600731
600732
600733
600734
600735
600736
600737
600738
600739
600740
600741
600742
600743
600744
600745
600746
600747
600748
600749
600750
600751
600753
600754
600755
600756
600757
600758
600759
600760
600761
600763
600764
600765
600766
600767
600768
600769
600770
600771
600773
600774
600775
600776
600777
600778
600779
600780
600781
600782
600783
600784
600785
600787
600789
600790
600791
600792
600794
600795
600796
600797
600798
600800
600801
600802
600803
600804
600805
600806
600807
600808
600809
600810
600811
600812
600814
600815
600816
600818
600819
600820
600821
600822
600823
600824
600825
600826
600827
600828
600829
600830
600831
600832
600833
600834
600835
600836
600837
600838
600839
600841
600843
600844
600845
600846
600847
600848
600850
600851
600853
600854
600855
600856
600857
600858
600859
600861
600862
600863
600864
600865
600866
600867
600868
600869
600870
600872
600873
600874
600875
600876
600877
600879
600880
600881
600882
600883
600884
600885
600886
600887
600888
600889
600890
600891
600892
600893
600894
600895
600896
600897
600898
600900
600960
600961
600962
600963
600965
600966
600967
600969
600970
600971
600973
600975
600976
600978
600979
600980
600981
600982
600983
600984
600985
600986
600987
600988
600990
600992
600993
600995
600997
600998
600999
601000
601001
601002
601003
601005
601006
601007
601008
601009
601010
601011
601012
601018
601028
601038
601058
601088
601098
601099
601100
601101
601106
601107
601111
601113
601116
601117
601118
601126
601137
601139
601158
601166
601168
601169
601177
601179
601186
601188
601199
601208
601216
601218
601222
601225
601231
601233
601238
601258
601288
601299
601311
601313
601318
601328
601333
601336
601339
601369
601377
601388
601390
601398
601515
601518
601519
601555
601566
601567
601579
601588
601599
601600
601601
601607
601608
601616
601618
601628
601633
601636
601666
601668
601669
601677
601678
601688
601699
601700
601717
601718
601727
601766
601777
601788
601789
601798
601799
601800
601801
601808
601818
601857
601866
601872
601877
601880
601886
601888
601890
601898
601899
601901
601908
601918
601919
601928
601929
601933
601939
601958
601965
601988
601989
601991
601992
601996
601998
601999
603000
603001
603002
603003
603005
603006
603008
603009
603077
603099
603100
603111
603123
603126
603128
603167
603168
603188
603288
603308
603328
603333
603366
603369
603399
603555
603609
603699
603766
603806
603993
900901
900902
900903
900904
900905
900907
900908
900909
900910
900911
900912
900913
900914
900915
900916
900917
900918
900919
900920
900921
900923
900924
900925
900926
900927
900928
900929
900930
900932
900933
900934
900935
900936
900937
900938
900939
900940
900941
900942
900943
900945
900946
900947
900948
900950
900952
900953
900955
900956
900957
500011
500015
500038
500056
500058
010107
010213
010303
010501
010504
010512
010603
010609
010616
010619
010703
010706
010710
010713
018001
018002
018003
019002
019003
019005
019007
019008
019009
019010
019012
019013
019014
019015
019017
019018
019019
019020
019022
019023
019024
019026
019027
019028
019029
019031
019032
019033
019034
019037
019038
019039
019040
019041
019102
019103
019104
019105
019106
019108
019110
019112
019114
019115
019116
019117
019119
019121
019122
019123
019124
019125
019203
019204
019205
019206
019207
019208
019209
019210
019212
019213
019214
019215
019216
019217
019218
019220
019221
019301
019303
019304
019305
019306
019308
019309
019310
019311
019312
019313
019315
019316
019317
019318
019319
019320
019321
019322
019323
019324
019325
019401
019402
019403
019404
019405
019406
019407
019408
019409
019410
019411
019412
019413
019414
019415
019416
019417
019418
019419
019714
019718
019801
019802
019803
019806
019807
019810
019813
019814
019818
019820
019822
019823
019825
019901
019902
019903
019905
019906
019907
019911
019912
019913
019916
019917
019919
019920
019923
019924
019925
019926
019927
019930
019931
019932
020067
020068
020069
020070
120102
120201
120203
120204
120301
120303
120306
120485
120486
120488
120489
120490
120501
120502
120503
120505
120506
120508
120509
120510
120511
120512
120516
120519
120520
120521
120522
120523
120525
120527
120529
120601
120602
120603
120604
120605
120607
120608
120609
120610
120701
120702
122000
122001
122003
122004
122006
122007
122008
122009
122015
122016
122017
122019
122020
122021
122022
122023
122024
122025
122026
122027
122028
122029
122030
122032
122033
122034
122035
122036
122037
122038
122039
122040
122041
122043
122044
122045
122046
122047
122048
122049
122050
122051
122052
122053
122054
122055
122056
122057
122058
122059
122060
122061
122062
122063
122064
122065
122066
122067
122068
122069
122070
122071
122072
122073
122074
122075
122076
122077
122078
122079
122080
122081
122082
122083
122084
122085
122086
122087
122088
122089
122090
122091
122093
122094
122095
122096
122097
122098
122099
122100
122102
122103
122105
122106
122107
122108
122109
122110
122111
122112
122113
122114
122115
122116
122117
122118
122119
122121
122122
122123
122124
122125
122126
122127
122128
122129
122130
122131
122132
122133
122134
122135
122136
122138
122139
122140
122141
122142
122143
122144
122145
122146
122147
122148
122149
122150
122151
122152
122153
122154
122155
122156
122157
122158
122159
122161
122162
122163
122164
122165
122166
122167
122168
122169
122170
122171
122172
122173
122174
122175
122176
122177
122178
122179
122180
122181
122182
122183
122184
122185
122186
122187
122188
122189
122190
122191
122192
122193
122194
122195
122196
122197
122198
122199
122200
122201
122202
122203
122204
122205
122206
122207
122208
122209
122210
122211
122212
122213
122214
122215
122216
122217
122218
122219
122220
122221
122222
122223
122224
122225
122226
122227
122228
122229
122230
122231
122232
122233
122234
122235
122236
122237
122238
122239
122240
122241
122242
122243
122244
122245
122247
122248
122249
122250
122251
122252
122253
122254
122255
122256
122257
122258
122259
122260
122261
122262
122263
122264
122265
122266
122267
122268
122269
122270
122271
122272
122273
122274
122275
122276
122277
122278
122279
122280
122281
122282
122283
122285
122286
122287
122288
122289
122290
122292
122293
122294
122295
122297
122298
122299
122300
122301
122302
122304
122305
122306
122308
122310
122311
122312
122313
122315
122316
122317
122320
122500
122501
122502
122503
122504
122505
122506
122507
122508
122509
122510
122513
122514
122515
122516
122517
122518
122519
122520
122521
122522
122523
122524
122525
122526
122527
122528
122530
122531
122532
122533
122534
122535
122536
122537
122538
122539
122540
122541
122542
122543
122544
122545
122546
122547
122549
122550
122551
122552
122553
122554
122555
122556
122557
122558
122559
122560
122561
122562
122563
122564
122565
122566
122567
122568
122569
122570
122571
122572
122573
122574
122575
122576
122577
122578
122579
122580
122581
122582
122583
122584
122585
122586
122587
122588
122589
122590
122591
122592
122593
122594
122595
122596
122597
122598
122599
122600
122601
122602
122603
122604
122605
122606
122607
122608
122609
122610
122611
122612
122613
122614
122615
122616
122617
122618
122619
122620
122621
122622
122623
122624
122625
122626
122627
122628
122629
122630
122631
122632
122633
122634
122635
122636
122637
122638
122639
122640
122641
122642
122643
122644
122645
122648
122649
122650
122651
122652
122654
122655
122658
122659
122660
122661
122662
122663
122664
122665
122666
122667
122668
122669
122670
122671
122672
122673
122674
122675
122676
122677
122678
122679
122680
122681
122682
122683
122684
122685
122686
122687
122688
122689
122690
122691
122692
122693
122694
122695
122696
122697
122698
122699
122700
122701
122702
122703
122704
122705
122706
122707
122708
122709
122710
122711
122712
122713
122714
122715
122716
122717
122718
122719
122720
122721
122722
122723
122724
122725
122726
122727
122728
122729
122730
122731
122732
122733
122734
122735
122736
122737
122740
122741
122742
122743
122744
122745
122746
122747
122748
122749
122750
122751
122752
122753
122754
122755
122756
122757
122758
122759
122760
122761
122762
122763
122764
122765
122766
122767
122768
122769
122770
122771
122772
122773
122774
122775
122776
122777
122778
122779
122780
122781
122782
122783
122784
122786
122787
122788
122789
122790
122792
122793
122794
122795
122796
122797
122798
122799
122800
122801
122802
122803
122804
122805
122806
122807
122808
122809
122810
122811
122812
122813
122814
122815
122816
122817
122818
122819
122820
122821
122822
122823
122824
122825
122826
122827
122828
122829
122830
122831
122832
122833
122834
122835
122836
122837
122838
122839
122840
122841
122842
122843
122844
122845
122846
122847
122848
122849
122850
122851
122852
122853
122854
122855
122856
122857
122858
122859
122860
122861
122862
122863
122864
122865
122866
122867
122868
122869
122870
122871
122872
122873
122874
122875
122876
122877
122879
122880
122881
122882
122883
122884
122885
122886
122887
122888
122889
122890
122891
122892
122893
122894
122895
122896
122897
122898
122899
122900
122901
122902
122903
122904
122905
122906
122907
122908
122909
122910
122911
122912
122913
122914
122915
122916
122917
122918
122919
122920
122921
122922
122923
122924
122925
122926
122927
122928
122929
122930
122931
122932
122933
122934
122935
122936
122937
122938
122939
122940
122941
122942
122943
122944
122945
122946
122948
122949
122950
122951
122952
122953
122954
122955
122956
122957
122958
122959
122961
122962
122964
122965
122966
122967
122968
122969
122971
122972
122973
122974
122975
122976
122980
122981
122982
122983
122984
122986
122988
122989
122991
122995
122996
122999
124000
124001
124002
124003
124004
124005
124006
124007
124008
124009
124010
124011
124012
124013
124014
124015
124016
124017
124018
124019
124020
124021
124022
124023
124024
124025
124026
124027
124028
124029
124030
124031
124032
124033
124034
124035
124036
124037
124038
124039
124040
124041
124042
124043
124044
124045
124046
124047
124048
124049
124050
124051
124052
124053
124054
124055
124056
124057
124058
124059
124060
124061
124062
124063
124064
124065
124066
124070
124071
124072
124073
124074
124075
124076
124077
124078
124079
124080
124081
124082
124083
124084
124085
124086
124087
124088
124089
124090
124091
124092
124093
124094
124095
124096
124097
124098
124099
124100
124101
124102
124103
124104
124105
124106
124107
124108
124110
124111
124112
124113
124114
124116
124117
124118
124119
124120
124121
124122
124123
124124
124125
124126
124127
124128
124129
124130
124131
124132
124133
124134
124135
124136
124137
124138
124139
124140
124141
124142
124143
124144
124145
124146
124147
124148
124149
124150
124151
124152
124153
124154
124155
124156
124158
124159
124160
124161
124162
124163
124164
124165
124166
124167
124168
124169
124170
124171
124172
124173
124174
124175
124176
124177
124178
124179
124180
124181
124182
124183
124184
124185
124187
124188
124189
124190
124191
124192
124193
124194
124195
124196
124197
124198
124199
124200
124201
124202
124203
124204
124205
124206
124207
124208
124209
124210
124211
124212
124213
124214
124215
124216
124217
124218
124219
124220
124221
124222
124223
124224
124225
124226
124227
124228
124229
124230
124231
124232
124234
124235
124236
124238
124239
124240
124241
124242
124243
124244
124245
124246
124247
124248
124249
124250
124251
124252
124253
124254
124255
124256
124257
124258
124259
124260
124261
124262
124263
124264
124265
124266
124267
124268
124269
124270
124271
124272
124273
124274
124275
124276
124277
124278
124279
124280
124281
124283
124284
124285
124286
124287
124288
124289
124290
124291
124292
124293
124294
124295
124296
124297
124298
124299
124300
124301
124302
124303
124304
124305
124306
124307
124308
124309
124310
124311
124312
124313
124314
124315
124316
124317
124318
124319
124321
124322
124323
124324
124325
124326
124327
124328
124329
124330
124332
124333
124334
124335
124336
124337
124338
124339
124340
124341
124342
124343
124344
124345
124346
124347
124348
124349
124350
124351
124352
124353
124354
124355
124356
124357
124358
124359
124360
124361
124362
124363
124364
124365
124366
124367
124368
124369
124370
124371
124372
124373
124374
124375
124376
124377
124378
124379
124380
124381
124382
124383
124384
124385
124386
124387
124388
124389
124390
124391
124392
124393
124394
124395
124396
124397
124398
124399
124400
124401
124402
124403
124404
124405
124406
124407
124408
124409
124410
124411
124412
124413
124415
124416
124417
124418
124419
124420
124421
124422
124423
124424
124425
124426
124427
124428
124429
124430
124431
124432
124433
124434
124435
124436
124437
124438
124439
124440
124441
124442
124443
124444
124445
124446
124448
124449
124450
124451
124452
124453
124454
124455
124456
124457
124458
124459
124460
124461
124462
124463
124464
124465
124466
124467
124468
124469
124470
124471
124472
124473
124474
124475
124477
124478
124479
124480
124481
124482
124483
124485
124486
124487
124488
124489
124490
124491
124492
124493
124494
124495
124496
124497
124498
124499
124500
124501
124502
124504
124505
124507
124508
124509
124510
124511
124512
124513
124514
124515
124516
124517
124518
124519
124520
124521
124522
124523
124524
124525
124526
124527
124528
124529
124530
124531
124532
124533
124534
124535
124536
124537
124538
124539
124540
124541
124542
124543
124544
124545
124546
124547
124548
124549
124550
124551
124552
124553
124554
124555
124556
124557
124558
124559
124560
124561
124562
124563
124564
124565
124566
124567
124568
124569
124570
124571
124572
124573
124574
124575
124576
124577
124578
124579
124580
124581
124582
124583
124584
124585
124586
124587
124588
124589
124590
124591
124592
124593
124594
124595
124596
124597
124598
124600
124601
124602
124603
124604
124605
124606
124607
124608
124609
124610
124611
124612
124613
124614
124615
124616
124617
124618
124619
124620
124621
124622
124623
124624
124626
124627
124628
124629
124630
124631
124632
124633
124634
124635
124636
124637
124638
124639
124640
124641
124642
124644
124645
124646
124647
124648
124649
124650
124651
124652
124653
124654
124655
124656
124657
124658
124659
124660
124661
124662
124663
124664
124665
124666
124667
124668
124670
124671
124672
124673
124674
124675
124676
124677
124678
124679
124680
124681
124682
124683
124684
124685
124686
124687
124688
124689
124690
124691
124692
124693
124694
124695
124696
124697
124698
124699
124700
124701
124702
124703
124704
124705
124706
124707
124708
124709
124710
124711
124712
124713
124714
124715
124716
124717
124718
124720
124721
124722
124723
124724
124725
124726
124727
124729
124730
124731
124732
124733
124734
124735
124736
124737
124738
124739
124740
124741
124742
124743
124744
124745
124746
124747
124748
124749
124750
124751
124752
124753
124754
124755
124756
124757
124758
124759
124760
124761
124762
124763
124764
124765
124766
124767
124768
124769
124770
124771
124772
124773
124774
124775
124776
124777
124778
124779
124782
124783
124784
124785
124786
124787
124788
124789
124790
124791
124792
124793
124794
124795
124796
124797
124799
124800
124801
124802
124803
124804
124805
124806
124807
124808
124810
124811
124812
124813
124814
124815
124816
124817
124818
124819
124820
124821
124822
124823
124824
124827
124828
124829
124831
124832
124833
124834
124835
124836
124837
124839
124840
124841
124842
124843
124844
124846
124847
124849
124850
124851
124852
124853
124854
124855
124856
124857
124858
124859
124860
124861
124862
124863
124864
124865
124866
124867
124868
124869
124870
124871
124872
124874
124875
124876
124877
124878
124879
124881
124882
124883
124884
124885
124886
124887
124888
124889
124890
124891
124893
124896
124897
124898
124905
124906
124917
124931
124942
124999
126018
126019
130051
130054
130057
130059
130060
130063
130064
130065
130066
130067
130068
130069
130070
130071
130072
130073
130074
130075
130076
130077
130078
130079
130080
130081
130082
130083
130084
130085
130086
130087
130088
130089
130090
130091
130092
130093
130094
130095
130096
130097
130098
130099
130100
130101
130102
130103
130104
130105
130106
130107
130108
130109
130110
130111
130112
130113
130114
130115
130116
130117
130118
130119
130120
130121
130122
130123
130124
130125
130126
130127
130128
130129
130130
130131
130132
130133
130134
130135
130136
130137
130138
130139
130140
130141
130142
130143
130144
130145
130146
130147
130148
130149
130150
130151
110007
110009
110011
110012
110015
110016
110017
110018
110019
110020
110022
110023
110024
110025
110027
110028
113001
113002
113003
113005
113006
201000
201001
201002
201003
201004
201005
201008
201009
201010
202001
202003
202007
203007
203008
203009
203016
203017
203018
203040
203041
203042
203052
203053
203054
204001
204002
204003
204004
204007
204014
204028
204091
204182
103000
103001
103002
103003
103004
103005
103006
103007
103008
103010
103011
103014
103015
103016
103017
103018
103019
103020
103021
103022
103023
103024
103025
103026
103027
103028
103029
103030
103031
103032
103033
103034
103035
103036
103037
103038
103039
103040
103041
103042
103043
103044
103045
103046
103047
103048
103049
103050
103051
103052
103053
103054
103055
103056
103057
103059
103060
103061
103062
103063
103064
103065
103066
103070
103071
103072
103074
103075
103076
103077
103078
103079
103080
103081
103082
103083
103084
103085
103086
103088
103089
103090
103091
103092
103093
103094
103095
103096
103097
103098
103099
103100
103101
103102
103103
103104
103106
103107
103108
103110
103111
103112
103113
103114
103116
103117
103118
103119
103120
103121
103122
103123
103125
103126
103127
103128
103130
103131
103132
103133
103134
103135
103136
103137
103138
103140
103141
103142
103143
103144
103145
103146
103147
103148
103149
103150
103151
103152
103153
103154
103155
103156
103158
103159
103161
103162
103163
103164
103165
103166
103167
103168
103169
103170
103171
103172
103173
103174
103175
103176
103177
103178
103179
103180
103182
103183
103184
103185
103187
103188
103189
103190
103191
103192
103193
103194
103195
103196
103197
103198
103199
103200
103201
103202
103203
103204
103205
103206
103207
103208
103209
103210
103211
103212
103213
103215
103216
103217
103218
103219
103220
103221
103222
103223
103224
103226
103227
103228
103229
103230
103231
103232
103234
103235
103236
103238
103239
103240
103241
103242
103243
103244
103245
103246
103247
103248
103249
103250
103251
103252
103253
103254
103256
103257
103258
103259
103260
103261
103262
103263
103264
103265
103266
103267
103268
103269
103270
103271
103272
103274
103275
103276
103277
103278
103279
103280
103281
103283
103284
103285
103286
103287
103289
103290
103291
103292
103293
103294
103295
103296
103297
103298
103299
103300
103301
103302
103303
103304
103305
103306
103308
103309
103310
103311
103312
103313
103314
103315
103316
103317
103318
103319
103321
103322
103323
103324
103325
103326
103327
103328
103329
103330
103332
103333
103334
103335
103336
103337
103338
103339
103340
103341
103342
103343
103345
103348
103349
103350
103351
103352
103354
103355
103357
103358
103359
103360
103361
103362
103363
103364
103365
103366
103367
103368
103370
103371
103372
103373
103374
103375
103376
103377
103378
103379
103380
103381
103382
103384
103385
103386
103387
103388
103389
103390
103391
103392
103393
103394
103395
103396
103397
103398
103399
103400
103401
103402
103403
103404
103405
103407
103408
103409
103410
103411
103412
103413
103415
103416
103417
103418
103421
103422
103423
103424
103425
103426
103427
103428
103429
103430
103431
103432
103433
103434
103435
103436
103437
103438
103439
103440
103441
103442
103443
103444
103445
103446
103448
103449
103450
103451
103452
103454
103455
103456
103457
103458
103459
103460
103461
103462
103463
103464
103465
103466
103467
103468
103469
103470
103471
103472
103474
103475
103478
103479
103480
103481
103482
103483
103485
103487
103488
103489
103490
103491
103492
103493
103494
103495
103496
103497
103498
103499
103500
103501
103502
103504
103505
103508
103509
103510
103511
103512
103513
103514
103515
103516
103517
103518
103519
103520
103521
103522
103523
103524
103525
103526
103527
103529
103530
103531
103532
103533
103534
103535
103536
103537
103538
103539
103540
103541
103542
103543
103545
103546
103547
103548
103549
103551
103552
103553
103555
103556
103557
103558
103559
103560
103561
103562
103563
103564
103565
103566
103567
103568
103569
103570
103571
103572
103573
103574
103575
103576
103577
103578
103579
103580
103581
103582
103584
103585
103586
103587
103588
103589
103590
103591
103592
103593
103594
103595
103596
103597
103598
103600
103601
103602
103603
103604
103605
103606
103607
103608
103609
103610
103611
103612
103613
103614
103615
103616
103617
103618
103620
103621
103622
103623
103624
103626
103627
103628
103629
103630
103631
103632
103633
103634
103635
103636
103637
103638
103639
103640
103641
103644
103645
103646
103647
103648
103649
103650
103651
103652
103653
103654
103655
103656
103657
103658
103659
103661
103662
103663
103665
103666
103667
103668
103671
103672
103673
103674
103675
103676
103677
103678
103679
103680
103681
103683
103684
103685
103686
103687
103688
103689
103690
103691
103692
103693
103694
103695
103696
103697
103698
103699
103700
103701
103702
103703
103704
103705
103706
103707
103708
103709
103710
103711
103712
103713
103715
103716
103718
103720
103721
103722
103723
103724
103725
103726
103727
103729
103730
103731
103732
103733
103734
103735
103736
103737
103738
103739
103740
103741
103742
103743
103744
103745
103746
103747
103748
103749
103750
103751
103752
103753
103754
103755
103756
103757
103758
103759
103760
103761
103763
103764
103765
103766
103767
103768
103769
103770
103771
103773
103774
103775
103776
103777
103778
103779
103782
103783
103785
103786
103787
103790
103791
103792
103793
103794
103795
103796
103797
103799
103800
103801
103802
103803
103804
103805
103807
103808
103810
103811
103812
103814
103815
103816
103817
103818
103819
103820
103821
103822
103824
103827
103828
103829
103831
103832
103833
103834
103835
103836
103837
103839
103840
103841
103842
103846
103847
103850
103851
103852
103853
103854
103855
103856
103857
103858
103859
103860
103862
103863
103864
103865
103866
103867
103868
103869
103871
103872
103874
103875
103876
103877
103878
103879
103882
103883
103884
103885
103886
103887
103888
103889
103890
103891
103893
103896
103897
103898
103906
103917
103931
103942
103999
104000
104001
104003
104004
104006
104007
104008
104015
104016
104017
104019
104020
104021
104022
104023
104024
104025
104026
104028
104029
104030
104032
104033
104034
104035
104036
104037
104038
104039
104040
104041
104043
104044
104045
104046
104047
104048
104049
104050
104051
104052
104053
104054
104055
104056
104057
104058
104059
104061
104062
104063
104064
104065
104066
104067
104068
104069
104070
104071
104072
104073
104074
104075
104076
104077
104078
104079
104080
104081
104082
104083
104084
104085
104086
104087
104089
104090
104091
104093
104094
104095
104096
104097
104098
104099
104100
104102
104103
104105
104106
104107
104108
104109
104110
104111
104112
104113
104114
104115
104116
104117
104118
104119
104121
104122
104123
104124
104125
104126
104127
104128
104129
104130
104131
104132
104133
104135
104136
104138
104139
104140
104141
104143
104144
104145
104146
104147
104148
104149
104150
104151
104152
104153
104154
104155
104156
104157
104158
104159
104161
104162
104163
104164
104165
104166
104167
104168
104170
104171
104172
104173
104174
104175
104176
104177
104178
104179
104180
104181
104182
104183
104184
104185
104186
104187
104188
104189
104190
104191
104192
104193
104194
104195
104196
104197
104198
104199
104200
104201
104202
104203
104204
104205
104206
104207
104208
104209
104210
104211
104212
104213
104214
104215
104216
104217
104218
104219
104220
104221
104222
104223
104224
104225
104226
104227
104228
104229
104230
104231
104232
104233
104234
104235
104236
104237
104238
104239
104240
104241
104242
104243
104244
104245
104247
104248
104249
104250
104251
104252
104253
104254
104255
104257
104258
104259
104260
104261
104262
104263
104264
104265
104266
104267
104268
104269
104270
104271
104272
104273
104274
104275
104276
104277
104278
104279
104280
104281
104282
104283
104285
104286
104287
104288
104289
104290
104292
104293
104294
104295
104297
104298
104299
104300
104301
104304
104305
104306
104308
104310
104311
104312
104313
104315
104316
104317
104320
104500
104501
104502
104503
104504
104505
104506
104507
104508
104509
104510
104513
104514
104515
104516
104517
104518
104519
104520
104521
104522
104523
104524
104525
104526
104527
104530
104531
104532
104533
104535
104536
104537
104538
104539
104540
104541
104542
104543
104544
104545
104546
104547
104549
104550
104551
104552
104553
104554
104555
104556
104557
104558
104559
104560
104561
104562
104563
104564
104565
104566
104567
104568
104569
104570
104571
104572
104573
104574
104575
104577
104578
104579
104580
104581
104582
104583
104584
104585
104586
104587
104588
104589
104590
104591
104592
104593
104594
104595
104596
104597
104598
104599
104600
104601
104602
104603
104604
104605
104606
104607
104608
104609
104610
104611
104612
104613
104614
104615
104616
104617
104618
104619
104620
104621
104622
104623
104624
104625
104626
104627
104628
104629
104630
104631
104632
104633
104634
104635
104636
104637
104638
104639
104641
104642
104643
104644
104645
104648
104649
104650
104652
104654
104655
104658
104659
104660
104661
104662
104663
104664
104665
104666
104667
104668
104669
104670
104671
104672
104675
104676
104677
104678
104679
104680
104681
104682
104683
104684
104685
104686
104687
104688
104689
104690
104691
104692
104693
104694
104695
104697
104701
104702
104703
104704
104705
104706
104707
104708
104709
104710
104711
104712
104713
104714
104715
104716
104717
104718
104719
104720
104721
104722
104723
104724
104725
104726
104727
104728
104729
104730
104731
104732
104733
104734
104735
104736
104737
104740
104742
104743
104744
104745
104746
104747
104748
104749
104750
104751
104752
104753
104754
104755
104756
104757
104758
104759
104760
104761
104762
104763
104764
104765
104766
104767
104768
104769
104770
104771
104772
104773
104774
104775
104776
104777
104778
104779
104780
104781
104782
104783
104784
104786
104787
104788
104789
104790
104792
104793
104794
104795
104796
104797
104798
104799
104801
104802
104803
104804
104805
104806
104807
104809
104811
104812
104813
104814
104815
104817
104818
104819
104820
104821
104823
104824
104825
104826
104827
104828
104829
104830
104831
104832
104833
104834
104835
104836
104837
104838
104839
104840
104841
104842
104843
104844
104845
104846
104847
104848
104849
104850
104851
104852
104853
104854
104855
104856
104857
104858
104859
104860
104861
104862
104863
104864
104865
104866
104867
104868
104869
104871
104872
104873
104874
104875
104876
104877
104880
104881
104882
104883
104884
104885
104886
104887
104888
104889
104890
104891
104892
104893
104894
104895
104896
104897
104898
104899
104900
104901
104902
104903
104904
104905
104906
104907
104908
104909
104911
104912
104913
104914
104915
104916
104918
104919
104921
104922
104923
104924
104925
104926
104927
104928
104930
104931
104932
104933
104934
104935
104936
104937
104939
104940
104941
104942
104943
104944
104945
104946
104948
104949
104950
104951
104952
104953
104954
104955
104956
104957
104958
104959
104961
104962
104964
104965
104966
104967
104968
104969
104971
104972
104973
104974
104975
104976
104980
104982
104984
104986
104988
104989
104991
104995
104996
104999
105018
105019
105710
105720
105801
105803
105804
105805
105806
105807
105808
105809
105810
105811
105812
105813
105814
105815
105816
105817
105818
105819
105900
105901
105902
105906
105908
105911
105918
105919
105920
105921
105922
105923
105924
105925
105926
105927
105928
105929
105930
105931
105932
105933
105936
105937
105938
105939
105940
105941
105942
105944
105945
105946
105947
105948
105949
105951
105952
105953
105954
105955
105956
105960
106051
106054
106057
106059
106060
106063
106064
106065
106066
106067
106068
106069
106070
106071
106072
106073
106074
106075
106076
106077
106078
106079
106080
106081
106082
106083
106084
106085
106086
106087
106088
106089
106090
106091
106092
106093
106094
106095
106096
106097
106098
106099
106100
106101
106102
106103
106104
106105
106106
106107
106108
106109
106110
106111
106112
106113
106114
106115
106116
106117
106118
106119
106120
106121
106122
106123
106124
106125
106126
106127
106128
106129
106130
106131
106132
106133
106134
106135
106136
106137
106138
106139
106140
106141
106142
106143
106144
106145
106146
106147
106148
106149
106150
106151
107067
107068
107069
107070
510010
510011
510012
510020
510021
510022
510030
510031
510032
510050
510051
510052
510060
510061
510062
510070
510071
510072
510090
510091
510092
510110
510111
510112
510120
510121
510122
510130
510131
510132
510150
510151
510152
510160
510161
510162
510170
510171
510172
510180
510181
510182
510190
510191
510192
510210
510211
510212
510220
510221
510222
510230
510231
510232
510260
510261
510262
510270
510271
510272
510280
510281
510282
510290
510291
510292
510300
510301
510302
510305
510310
510311
510312
510315
510330
510331
510332
510335
510410
510411
510412
510420
510421
510422
510430
510431
510432
510440
510441
510442
510450
510451
510452
510500
510501
510502
510505
510510
510511
510512
510515
510520
510521
510522
510525
510610
510611
510612
510620
510621
510622
510630
510631
510632
510650
510651
510652
510660
510661
510662
510680
510681
510682
510700
510701
510702
510880
510881
510882
510900
510901
510902
510905
511010
511011
511012
511210
511211
511212
511880
511881
511882
511885
511990
511991
511992
511995
512010
512011
512012
512015
512070
512071
512072
512075
512110
512111
512112
512115
512120
512121
512122
512125
512210
512211
512212
512215
512220
512221
512222
512225
512230
512231
512232
512235
512600
512601
512602
512605
512610
512611
512612
512615
512640
512641
512642
512645
513030
513031
513032
513035
513100
513101
513102
513105
513500
513501
513502
513505
518800
518801
518802
518805
518880
518881
518882
518885
522001
522002
522003
522005
522007
522008
522011
522013
522015
522017
522018
522019
522020
522021
522023
522025
522026
522027
522028
522029
522030
522032
522033
522034
522035
522039
522050
522056
522060
522061
522066
522068
522069
522078
522087
522089
522093
522095
522097
522099
522100
522110
522111
522112
522113
522115
522116
522117
522118
522119
522120
522121
522122
522123
522124
522125
522126
522127
522150
522152
522153
522156
522158
522162
522163
522180
522181
522183
522185
522186
522188
522189
522190
522191
522300
522505
522506
522507
522508
522509
522510
522511
522512
522513
522518
522519
522528
522529
522566
522567
522598
522599
522656
522657
522660
522661
522662
522663
522664
522665
522666
522668
522669
522670
522671
522672
522674
522676
522677
522678
522679
522680
522683
522688
522690
522692
522698
522700
522702
522704
522706
522712
522714
522718
522723
522727
522733
522908
522909
522918
522976
522977
522979
522983
522985
522987
522989
522991
522993
522995
522997
519001
519002
519003
519005
519007
519008
519011
519013
519015
519017
519018
519019
519020
519021
519023
519025
519026
519027
519028
519029
519030
519032
519033
519034
519035
519039
519050
519056
519060
519061
519066
519068
519069
519078
519087
519089
519093
519095
519097
519099
519100
519110
519111
519112
519113
519115
519116
519117
519118
519119
519120
519121
519122
519123
519124
519125
519126
519127
519150
519152
519153
519156
519158
519160
519161
519162
519163
519165
519167
519180
519181
519183
519185
519186
519188
519189
519190
519191
519192
519300
519505
519506
519507
519508
519509
519510
519511
519512
519513
519518
519519
519528
519529
519566
519567
519598
519599
519656
519657
519660
519661
519662
519663
519664
519665
519666
519668
519669
519670
519671
519672
519674
519675
519676
519677
519678
519679
519680
519683
519688
519690
519692
519698
519700
519702
519704
519706
519712
519714
519718
519723
519727
519733
519734
519735
519800
519801
519808
519809
519858
519859
519886
519887
519888
519889
519898
519899
519908
519909
519918
519971
519972
519973
519976
519977
519979
519983
519985
519987
519989
519991
519993
519995
519997
523001
523002
523003
523005
523007
523008
523011
523013
523015
523017
523018
523019
523020
523021
523023
523025
523026
523027
523028
523029
523030
523032
523033
523034
523035
523039
523050
523056
523060
523061
523066
523068
523069
523078
523087
523089
523093
523095
523097
523099
523100
523110
523111
523112
523113
523115
523116
523117
523118
523120
523121
523123
523124
523125
523126
523127
523150
523152
523153
523156
523158
523162
523163
523180
523181
523183
523185
523186
523188
523189
523190
523191
523300
523519
523656
523657
523660
523661
523662
523663
523664
523665
523666
523668
523669
523670
523671
523672
523674
523676
523677
523678
523679
523680
523683
523688
523690
523692
523698
523700
523702
523704
523706
523712
523714
523718
523723
523727
523733
523908
523909
523918
523976
523977
523979
523983
523985
523987
523989
523991
523993
523995
523997
090002
090003
090005
090007
090008
090009
090012
090013
090014
090015
090017
090018
090019
090020
090022
090023
090024
090026
090027
090028
090029
090031
090032
090033
090034
090037
090038
090039
090040
090041
090099
090107
090213
090303
090501
090504
090512
090603
090609
090616
090619
090703
090706
090710
090713
090714
090718
090801
090802
090803
090806
090807
090810
090813
090814
090818
090820
090822
090823
090825
090901
090902
090903
090905
090906
090907
090911
090912
090913
090916
090917
090919
090920
090923
090924
090925
090926
090927
090930
090931
090932
091002
091003
091004
091005
091006
091008
091010
091012
091014
091015
091016
091017
091019
091021
091022
091023
091024
091025
091028
091029
091030
091031
091032
091033
091034
091035
091037
091038
091039
091040
091041
091042
091043
091045
091046
091047
091049
091050
091051
091052
091054
091055
091056
091057
091058
091059
091061
091062
091063
091064
091065
091066
091067
091068
091069
091070
091071
091072
091073
091074
091075
091076
091077
091078
091079
091080
091081
091082
091083
091084
091085
091086
091087
091088
091089
091090
100930
100992
108001
108002
108003
190007
190009
190011
190012
190015
190016
190017
190018
190019
190020
190022
190023
190024
191001
191002
191003
191005
191006
706029
738005
738006
738007
738008
738010
738011
738022
738023
738026
738031
738035
738038
738039
738051
738052
738055
738059
738063
738066
738069
738075
738088
738094
738103
738108
738109
738110
738112
738116
738117
738119
738126
738129
738138
738151
738152
738157
738162
738166
738168
738173
738175
738180
738183
738184
738188
738197
738198
738208
738217
738220
738221
738222
738225
738227
738228
738234
738236
738239
738241
738243
738246
738248
738249
738252
738255
738258
738259
738268
738269
738275
738277
738280
738292
738295
738298
738301
738305
738307
738310
738312
738321
738322
738325
738328
738331
738335
738337
738339
738340
738343
738348
738352
738361
738365
738368
738369
738373
738375
738385
738390
738391
738392
738400
738401
738409
738418
738420
738421
738423
738426
738433
738438
738444
738455
738456
738458
738467
738476
738477
738481
738483
738485
738486
738498
738501
738502
738506
738508
738510
738511
738526
738528
738531
738535
738536
738537
738538
738540
738548
738551
738552
738556
738557
738565
738572
738577
738580
738581
738583
738587
738595
738601
738609
738633
738639
738641
738655
738657
738661
738662
738666
738671
738675
738680
738682
738684
738686
738687
738689
738690
738691
738692
738696
738699
738703
738707
738711
738713
738714
738715
738718
738725
738728
738729
738730
738736
738737
738739
738745
738746
738756
738768
738773
738775
738783
738785
738787
738795
738803
738804
738806
738808
738823
738834
738841
738845
738857
738865
738868
738884
738888
738893
738896
738966
738970
738976
738982
738984
738985
738986
738992
738999
751001
751002
751003
751004
751005
751006
751007
751008
751009
751010
751011
751012
751014
751015
751016
751017
751018
751019
751020
751021
751022
751023
751024
751025
751026
751029
751031
751032
751034
751035
751036
751037
751038
751039
751040
751041
751043
751044
751046
751047
751048
751052
751053
751054
751057
751058
751059
751060
751061
751062
751063
751065
751066
751068
751069
751071
751072
751074
751075
751076
751077
751078
751079
751080
751081
751082
751083
751085
751086
751087
751088
751090
751091
751092
751093
751095
751096
751097
751098
751099
751100
751101
751102
751103
751104
751106
751107
751109
751110
751111
751112
751113
751114
751115
751200
751201
751204
751205
751208
751209
751212
751213
751216
751217
751220
751221
751224
751225
751228
751229
751232
751233
751236
751237
751240
751241
751244
751245
751248
751249
751252
751253
751256
751257
751260
751261
751264
751265
751268
751269
751272
751273
751276
751277
751280
751281
751284
751285
751288
751289
751292
751293
751296
751297
751300
751301
751304
751305
751308
751309
751312
751313
751316
751317
751320
751321
751324
751325
751328
751329
751332
751333
751336
751337
751340
751341
751344
751345
751348
751349
751352
751353
751356
751357
751360
751361
751364
751365
751368
751369
751372
751373
751376
751377
751380
751381
751384
751385
751900
751906
751926
751930
751936
751941
751956
751968
751970
751971
751972
751973
751974
751975
751976
751977
751978
751979
751980
751981
751982
751983
751984
751985
751986
751987
751988
751989
751990
751991
751992
751993
751994
751995
751996
751997
751998
751999
752077
752168
752328
752333
752555
752993
783929
788006
788008
788088
788099
788111
788118
788137
788139
788225
788233
788238
788258
788268
788398
788518
788558
788566
788636
788668
788688
788727
788788
788818
788866
788872
788877
788899
788901
788918
788919
788928
788933
788991
788996
793929
794929
799981
799982
799983
799984
799988
799990
799996
799998
799999
888880
938911
938920
938922
938926
938930
938935
938936
938940
938945
938948
938956
938957
939988
000300
000901
000902
000903
000904
000905
000906
000907
000908
000909
000910
000911
000912
000913
000914
000915
000916
000917
000918
000919
000920
000921
000922
000923
000924
000925
000926
000927
000928
000929
000930
000931
000932
000933
000934
000935
000936
000937
000938
000939
000940
000941
000942
000943
000944
000945
000946
000947
000948
000949
000950
000951
000952
000953
000954
000955
000956
000957
000958
000959
000960
000961
000962
000963
000964
000965
000966
000967
000968
000969
000970
000971
000972
000973
000974
000975
000976
000977
000978
000979
000980
000981
000982
000983
000984
000985
000986
000987
000988
000989
000990
000991
000992
000993
000994
000995
000996
000997
000998
000999
600072
600075
600091
600145
600178
600228
600247
600265
600282
600299
600301
600306
600381
600385
600550
600598
600610
600689
600793
600817
600860
600871
601558
900906
900922
900951
