399001
399002
399003
399004
399005
399006
399007
399008
399009
399010
399011
399012
399013
399100
399101
399102
399103
399106
399107
399108
399231
399232
399233
399234
399235
399236
399237
399238
399239
399240
399241
399242
399243
399244
399248
399249
399300
399301
399302
399303
399305
399306
399307
399310
399311
399312
399313
399314
399315
399316
399317
399318
399319
399320
399321
399322
399324
399326
399328
399330
399332
399333
399335
399337
399339
399341
399344
399346
399348
399350
399351
399352
399353
399355
399356
399357
399358
399359
399360
399361
399362
399363
399364
399365
399366
399367
399368
399369
399370
399371
399372
399373
399374
399375
399376
399377
399378
399379
399380
399381
399382
399383
399384
399385
399386
399387
399388
399389
399390
399391
399392
399393
399394
399395
399396
399397
399398
399399
399400
399401
399402
399403
399404
399405
399406
399407
399408
399409
399410
399411
399412
399413
399415
399416
399481
399550
399551
399552
399553
399554
399555
399556
399557
399602
399604
399606
399608
399610
399611
399612
399613
399614
399615
399616
399617
399618
399619
399620
399621
399622
399623
399624
399625
399626
399627
399628
399629
399630
399631
399632
399633
399634
399635
399636
399637
399638
399639
399640
399641
399642
399643
399644
399645
399646
399647
399648
399649
399650
399651
399652
399653
399654
399655
399656
399657
399658
399659
399660
399661
399662
399663
399664
399665
399666
399667
399668
399669
399670
399671
399672
399673
399701
399702
399703
399704
399705
399706
399802
399901
399902
399903
399904
399905
399906
399907
399908
399909
399910
399911
399912
399913
399914
399915
399916
399917
399918
399919
399920
399921
399922
399923
399924
399925
399926
399927
399928
399929
399930
399931
399932
399933
399934
399935
399936
399937
399938
399939
399940
399941
399942
399943
399944
399945
399946
399947
399948
399949
399950
399951
399952
399953
399954
399955
399956
399957
399958
399959
399960
399961
399962
399963
399964
399965
399966
399967
399968
399969
399970
399972
399977
399978
399979
399980
399981
399982
399984
399985
000001
000002
000004
000005
000006
000007
000008
000009
000010
000011
000012
000014
000016
000017
000018
000019
000020
000021
000022
000023
000024
000025
000026
000027
000028
000029
000030
000031
000032
000033
000034
000035
000036
000037
000038
000039
000040
000042
000043
000045
000046
000048
000049
000050
000055
000056
000058
000059
000060
000061
000062
000063
000065
000066
000068
000069
000070
000078
000088
000089
000090
000096
000099
000100
000150
000151
000153
000155
000156
000157
000158
000159
000301
000333
000338
000400
000401
000402
000403
000404
000407
000408
000409
000410
000411
000413
000415
000416
000417
000418
000419
000420
000421
000422
000423
000425
000426
000428
000429
000430
000488
000498
000501
000502
000503
000504
000505
000506
000507
000509
000510
000511
000513
000514
000516
000517
000518
000519
000521
000523
000524
000525
000526
000528
000529
000530
000531
000532
000533
000534
000536
000537
000538
000539
000540
000541
000543
000544
000545
000546
000547
000548
000550
000551
000552
000553
000554
000555
000557
000558
000559
000560
000561
000562
000563
000564
000565
000566
000567
000568
000570
000571
000572
000573
000576
000581
000582
000584
000585
000586
000587
000589
000590
000591
000592
000593
000595
000596
000597
000598
000599
000600
000601
000603
000605
000606
000607
000608
000609
000610
000611
000612
000613
000615
000616
000617
000619
000620
000622
000623
000625
000626
000627
000628
000629
000630
000631
000632
000633
000635
000636
000637
000638
000639
000650
000651
000652
000655
000656
000657
000659
000661
000662
000663
000665
000666
000667
000668
000669
000670
000671
000672
000673
000676
000677
000678
000679
000680
000681
000682
000683
000685
000686
000687
000688
000690
000691
000692
000693
000695
000697
000698
000700
000701
000702
000703
000705
000707
000708
000709
000710
000711
000712
000713
000715
000716
000717
000718
000719
000720
000721
000722
000723
000725
000726
000727
000728
000729
000731
000732
000733
000735
000736
000737
000738
000739
000748
000750
000751
000752
000753
000755
000756
000757
000758
000759
000760
000761
000762
000766
000767
000768
000776
000777
000778
000779
000780
000782
000783
000785
000786
000788
000789
000790
000791
000792
000793
000795
000796
000797
000798
000799
000800
000801
000802
000803
000806
000807
000809
000810
000811
000812
000813
000815
000816
000818
000819
000820
000821
000822
000823
000825
000826
000828
000829
000830
000831
000833
000835
000836
000837
000838
000839
000848
000850
000851
000852
000856
000858
000859
000860
000861
000862
000863
000868
000869
000875
000876
000877
000878
000880
000881
000882
000883
000885
000886
000887
000888
000889
000890
000892
000893
000895
000897
000898
000899
000900
000901
000902
000903
000905
000906
000908
000909
000910
000911
000912
000913
000915
000916
000917
000918
000919
000920
000921
000922
000923
000925
000926
000927
000928
000929
000930
000931
000932
000933
000935
000936
000937
000938
000939
000948
000949
000950
000951
000952
000953
000955
000957
000958
000959
000960
000961
000962
000963
000965
000966
000967
000968
000969
000970
000971
000972
000973
000975
000976
000977
000978
000979
000980
000981
000982
000983
000985
000987
000988
000989
000990
000993
000995
000996
000997
000998
000999
001696
001896
200011
200012
200016
200017
200018
200019
200020
200022
200024
200025
200026
200028
200029
200030
200037
200045
200053
200054
200055
200056
200058
200152
200160
200168
200413
200418
200429
200468
200488
200505
200512
200521
200530
200539
200541
200550
200553
200570
200581
200596
200613
200625
200706
200725
200726
200761
200771
200869
200986
200992
184699
184701
184721
184722
184728
002001
002002
002003
002004
002005
002006
002007
002008
002009
002010
002011
002012
002013
002014
002015
002016
002017
002018
002019
002020
002021
002022
002023
002024
002025
002026
002027
002028
002029
002030
002031
002032
002033
002034
002035
002036
002037
002038
002039
002040
002041
002042
002043
002044
002045
002046
002047
002048
002049
002050
002051
002052
002053
002054
002055
002056
002057
002058
002059
002060
002061
002062
002063
002064
002065
002066
002067
002068
002069
002070
002071
002072
002073
002074
002075
002076
002077
002078
002079
002080
002081
002082
002083
002084
002085
002086
002087
002088
002089
002090
002091
002092
002093
002094
002095
002096
002097
002098
002099
002100
002101
002102
002103
002104
002105
002106
002107
002108
002109
002110
002111
002112
002113
002114
002115
002116
002117
002118
002119
002120
002121
002122
002123
002124
002125
002126
002127
002128
002129
002130
002131
002132
002133
002134
002135
002136
002137
002138
002139
002140
002141
002142
002143
002144
002145
002146
002147
002148
002149
002150
002151
002152
002153
002154
002155
002156
002157
002158
002159
002160
002161
002162
002163
002164
002165
002166
002167
002168
002169
002170
002171
002172
002173
002174
002175
002176
002177
002178
002179
002180
002181
002182
002183
002184
002185
002186
002187
002188
002189
002190
002191
002192
002193
002194
002195
002196
002197
002198
002199
002200
002201
002202
002203
002204
002205
002206
002207
002208
002209
002210
002211
002212
002213
002214
002215
002216
002217
002218
002219
002220
002221
002222
002223
002224
002225
002226
002227
002228
002229
002230
002231
002232
002233
002234
002235
002236
002237
002238
002239
002240
002241
002242
002243
002244
002245
002246
002247
002248
002249
002250
002251
002252
002253
002254
002255
002256
002258
002259
002260
002261
002262
002263
002264
002265
002266
002267
002268
002269
002270
002271
002272
002273
002274
002275
002276
002277
002278
002279
002280
002281
002282
002283
002284
002285
002286
002287
002288
002289
002290
002291
002292
002293
002294
002295
002296
002297
002298
002299
002300
002301
002302
002303
002304
002305
002306
002307
002308
002309
002310
002311
002312
002313
002314
002315
002316
002317
002318
002319
002320
002321
002322
002323
002324
002325
002326
002327
002328
002329
002330
002331
002332
002333
002334
002335
002336
002337
002338
002339
002340
002341
002342
002343
002344
002345
002346
002347
002348
002349
002350
002351
002352
002353
002354
002355
002356
002357
002358
002359
002360
002361
002362
002363
002364
002365
002366
002367
002368
002369
002370
002371
002372
002373
002374
002375
002376
002377
002378
002379
002380
002381
002382
002383
002384
002385
002386
002387
002388
002389
002390
002391
002392
002393
002394
002395
002396
002397
002398
002399
002400
002401
002402
002403
002404
002405
002406
002407
002408
002409
002410
002411
002412
002413
002414
002415
002416
002417
002418
002419
002420
002421
002422
002423
002424
002425
002426
002427
002428
002429
002430
002431
002432
002433
002434
002435
002436
002437
002438
002439
002440
002441
002442
002443
002444
002445
002446
002447
002448
002449
002450
002451
002452
002453
002454
002455
002456
002457
002458
002459
002460
002461
002462
002463
002464
002465
002466
002467
002468
002469
002470
002471
002472
002473
002474
002475
002476
002477
002478
002479
002480
002481
002482
002483
002484
002485
002486
002487
002488
002489
002490
002491
002492
002493
002494
002495
002496
002497
002498
002499
002500
002501
002502
002503
002504
002505
002507
002508
002509
002510
002511
002512
002513
002514
002515
002516
002517
002518
002519
002520
002521
002522
002523
002524
002526
002527
002528
002529
002530
002531
002532
002533
002534
002535
002536
002537
002538
002539
002540
002541
002542
002543
002544
002545
002546
002547
002548
002549
002550
002551
002552
002553
002554
002555
002556
002557
002558
002559
002560
002561
002562
002563
002564
002565
002566
002567
002568
002569
002570
002571
002572
002573
002574
002575
002576
002577
002578
002579
002580
002581
002582
002583
002584
002585
002586
002587
002588
002589
002590
002591
002592
002593
002594
002595
002596
002597
002598
002599
002600
002601
002602
002603
002604
002605
002606
002607
002608
002609
002610
002611
002612
002613
002614
002615
002616
002617
002618
002619
002620
002621
002622
002623
002624
002625
002626
002627
002628
002629
002630
002631
002632
002633
002634
002635
002636
002637
002638
002639
002640
002641
002642
002643
002644
002645
002646
002647
002648
002649
002650
002651
002652
002653
002654
002655
002656
002657
002658
002659
002660
002661
002662
002663
002664
002665
002666
002667
002668
002669
002670
002671
002672
002673
002674
002675
002676
002677
002678
002679
002680
002681
002682
002683
002684
002685
002686
002687
002688
002689
002690
002691
002692
002693
002694
002695
002696
002697
002698
002699
002700
002701
002702
002703
002705
002706
002707
002708
002709
002711
002712
002713
002714
002715
002716
002717
002718
002719
002721
002722
002723
002725
002726
002727
002728
002729
100213
100303
100501
100504
100512
100603
100609
100616
100619
100703
100706
100710
100713
100718
100801
100802
100803
100806
100807
100810
100813
100814
100818
100820
100822
100823
100825
100901
100902
100903
100905
100906
100907
100911
100912
100913
100916
100917
100919
100920
100923
100924
100925
100926
100927
100930
100931
100932
101002
101003
101005
101007
101008
101009
101010
101012
101013
101014
101015
101017
101018
101019
101020
101022
101023
101024
101026
101027
101028
101029
101031
101032
101033
101034
101037
101038
101039
101040
101041
101102
101103
101104
101105
101106
101108
101110
101112
101114
101115
101116
101117
101119
101121
101122
101123
101124
101125
101203
101204
101205
101206
101207
101208
101209
101210
101212
101213
101214
101215
101216
101217
101218
101220
101221
101301
101303
101304
101305
101306
101308
101309
101310
101311
101312
101313
101315
101316
101317
101318
101319
101320
101321
101322
101323
101324
101325
101401
101402
101403
101404
101405
101406
101407
101408
101409
101410
101411
101412
101413
101414
101415
101416
101417
101418
101419
101653
101917
108067
108068
108069
108070
109052
109055
109058
109060
109061
109064
109066
109067
109068
109069
109070
109071
109072
109073
109074
109075
109076
109077
109078
109079
109080
109081
109082
109083
109084
109085
109086
109087
109088
109089
109090
109091
109092
109093
109094
109095
109096
109097
109098
109099
109100
109101
109102
109103
109104
109105
109106
109107
109108
109109
109110
109111
109112
109113
109114
109115
109116
109117
109118
109119
109120
109121
109122
109123
109124
109125
109126
109127
109128
109129
109130
109131
109132
109133
109134
109135
109136
109137
109138
109139
109140
109141
109142
109143
109144
109145
109146
109147
109148
109149
109150
109151
109152
111018
111019
111023
111024
111025
111026
111029
111030
111031
111032
111035
111039
111041
111042
111045
111047
111048
111049
111050
111051
111052
111055
111056
111057
111058
111059
111060
111062
111063
111064
111065
112001
112002
112004
112009
112010
112011
112012
112013
112014
112015
112016
112017
112018
112019
112020
112021
112022
112023
112024
112025
112026
112027
112028
112029
112030
112031
112032
112033
112034
112035
112036
112037
112038
112039
112040
112041
112042
112043
112044
112045
112046
112047
112048
112049
112050
112051
112052
112053
112054
112055
112056
112057
112058
112059
112060
112062
112063
112064
112065
112066
112067
112068
112069
112070
112071
112072
112073
112074
112075
112076
112077
112078
112079
112080
112081
112082
112083
112084
112085
112086
112088
112089
112090
112091
112092
112093
112094
112095
112096
112097
112098
112099
112100
112101
112102
112103
112104
112105
112106
112107
112108
112109
112110
112111
112112
112113
112114
112115
112116
112117
112118
112119
112120
112121
112122
112123
112124
112125
112126
112127
112128
112129
112130
112131
112132
112133
112134
112135
112136
112137
112138
112139
112140
112141
112142
112143
112144
112145
112146
112147
112148
112149
112150
112152
112153
112154
112155
112156
112157
112158
112159
112160
112161
112162
112163
112164
112165
112166
112167
112168
112169
112170
112171
112172
112173
112174
112175
112176
112177
112178
112179
112180
112181
112182
112183
112184
112185
112186
112187
112188
112189
112190
112191
112192
112193
112194
112195
112196
112197
112198
112199
112200
112201
112202
112203
112204
112205
112206
112207
112208
112209
112210
112211
112212
112213
112214
112217
117002
118005
118011
118012
118014
118018
118019
118020
118021
118022
118023
118024
118025
118026
118028
118030
118031
118032
118033
118034
118035
118036
118037
118038
118040
118041
118042
118043
118044
118045
118046
118047
118048
118049
118050
118051
118052
118053
118054
118055
118057
118058
118059
118060
118061
118062
118063
118065
118066
118067
118068
118069
118070
118071
118073
118074
118075
118076
118077
118078
118079
118080
118081
118082
118083
118084
118085
118086
118087
118088
118089
118090
118091
118092
118093
118094
118095
118096
118097
118098
118099
118100
118101
118102
118103
118104
118105
118106
118107
118108
118109
118110
118111
118112
118113
118116
118117
118118
118119
118120
118121
118122
118123
118124
118126
118127
118128
118129
118130
118131
118132
118133
118134
118135
118136
118137
118138
118139
118140
118141
118142
118143
118144
118145
118146
118147
118148
118149
118150
118151
118152
118153
118154
118155
118156
118157
118158
118159
118160
118161
118162
118163
118164
118165
118166
118167
118168
118169
118170
118171
118172
118173
118174
118175
118176
118177
118178
118179
118180
118181
118182
118183
118184
118185
118186
118187
118188
118189
118190
118191
118192
118193
118194
118195
118196
118197
118198
118199
118200
118201
118202
118203
118204
118205
118206
118207
118208
118210
118212
118213
118214
118215
118216
118217
118218
118219
118220
118221
118222
118223
118224
118226
118227
118228
118229
118233
118237
118238
118239
118245
118246
118247
118248
118901
118902
118903
118904
118905
119019
119020
119021
119024
119025
119026
119027
119030
119031
119032
119033
119035
119038
119041
119044
119047
119050
119053
119054
119055
119056
119057
119059
119062
119063
119064
119065
119066
119067
119068
119069
119070
119071
119072
119074
119077
119078
119079
119080
119401
125089
126729
127001
127002
128001
128002
128003
128004
128005
128006
128007
131800
131801
131802
131803
131805
131806
131809
131810
131811
159001
159003
159900
159901
159902
159903
159905
159906
159907
159908
159909
159910
159911
159912
159913
159915
159916
159917
159918
159919
159920
159921
159922
159923
159924
159925
159926
159927
159928
159929
159930
159931
159932
159933
159934
159935
159936
159937
150001
150008
150009
150012
150013
150016
150017
150018
150019
150020
150021
150022
150023
150027
150028
150029
150030
150031
150032
150033
150034
150035
150036
150037
150039
150040
150042
150044
150045
150046
150047
150048
150049
150050
150051
150052
150053
150054
150055
150056
150057
150058
150059
150060
150061
150062
150063
150064
150065
150066
150067
150068
150069
150070
150071
150072
150073
150075
150076
150077
150078
150080
150081
150082
150083
150084
150085
150086
150087
150088
150089
150090
150091
150092
150093
150094
150095
150096
150097
150098
150099
150100
150101
150102
150104
150105
150106
150107
150108
150109
150110
150111
150112
150113
150114
150117
150118
150120
150121
150122
150123
150124
150127
150128
150129
150130
150131
150132
150133
150134
150137
150138
150139
150140
150141
150142
150143
150144
150145
150146
150147
150148
150149
150150
150151
150152
150153
150154
150156
150157
150158
150160
150161
150164
150165
150167
150168
150169
150170
150171
150172
150175
150176
150177
150178
150179
150180
150181
150182
150184
150185
150186
150187
150188
150189
160105
160106
160119
160123
160125
160128
160130
160131
160133
160211
160212
160215
160220
160311
160314
160415
160416
160505
160512
160513
160515
160607
160610
160611
160613
160615
160616
160617
160621
160628
160706
160716
160717
160719
160720
160805
160807
160810
160812
160910
160915
160916
160918
161005
161010
161015
161017
161019
161115
161116
161117
161119
161210
161213
161216
161217
161219
161505
161607
161610
161614
161706
161713
161714
161810
161813
161815
161820
161821
161903
161907
161908
161911
162006
162207
162307
162411
162605
162607
162703
162711
162712
162715
163001
163110
163112
163210
163302
163402
163407
163409
163412
163415
163503
163801
163819
163821
163824
163827
164105
164205
164304
164606
164701
164702
164808
164810
164814
164815
164902
165309
165311
165313
165508
165509
165510
165512
165513
165516
165806
166001
166006
166007
166008
166009
166902
166904
167901
169101
160127
160216
160217
160218
160219
160417
160603
160605
160620
160624
160625
160626
160627
160718
160806
160808
160809
161014
161022
161024
161025
161118
161207
161507
161715
161718
161719
161811
161812
161816
161818
161819
161825
161826
161831
161910
162010
162107
162216
162509
162510
162714
162907
163109
163111
163113
163114
163115
163208
163209
163406
163803
163804
163805
163806
163807
163808
163809
163810
164705
164809
164811
165310
165312
165511
165515
165519
165520
165521
165707
165809
166002
166003
166004
166005
166010
166011
166301
166802
167601
167701
360028
360156
360404
360410
360415
360422
360511
360529
360537
360566
360571
360600
360619
360671
360788
360813
360820
360863
360883
360920
360950
360958
360962
360993
362002
362011
362027
362030
362047
362073
362075
362078
362080
362089
362101
362104
362110
362139
362144
362156
362157
362170
362174
362207
362218
362228
362232
362236
362237
362239
362256
362268
362281
362289
362299
362309
362311
362451
362457
362467
362477
362487
362505
362545
362603
362612
362613
362718
365058
365096
365121
365154
365277
365290
365324
365326
365330
365363
365385
369999
395001
395002
395003
395004
395011
395012
395013
395014
395021
395022
395024
395031
395032
395041
395099
300001
300002
300003
300004
300005
300006
300007
300008
300009
300010
300011
300012
300013
300014
300015
300016
300017
300018
300019
300020
300021
300022
300023
300024
300025
300026
300027
300028
300029
300030
300031
300032
300033
300034
300035
300036
300037
300038
300039
300040
300041
300042
300043
300044
300045
300046
300047
300048
300049
300050
300051
300052
300053
300054
300055
300056
300057
300058
300059
300061
300062
300063
300064
300065
300066
300067
300068
300069
300070
300071
300072
300073
300074
300075
300076
300077
300078
300079
300080
300081
300082
300083
300084
300085
300086
300087
300088
300089
300090
300091
300092
300093
300094
300095
300096
300097
300098
300099
300100
300101
300102
300103
300104
300105
300106
300107
300108
300109
300110
300111
300112
300113
300114
300115
300116
300117
300118
300119
300120
300121
300122
300123
300124
300125
300126
300127
300128
300129
300130
300131
300132
300133
300134
300135
300136
300137
300138
300139
300140
300141
300142
300143
300144
300145
300146
300147
300148
300149
300150
300151
300152
300153
300154
300155
300156
300157
300158
300159
300160
300161
300162
300163
300164
300165
300166
300167
300168
300169
300170
300171
300172
300173
300174
300175
300176
300177
300178
300179
300180
300181
300182
300183
300184
300185
300186
300187
300188
300189
300190
300191
300192
300193
300194
300195
300196
300197
300198
300199
300200
300201
300202
300203
300204
300205
300206
300207
300208
300209
300210
300211
300212
300213
300214
300215
300216
300217
300218
300219
300220
300221
300222
300223
300224
300225
300226
300227
300228
300229
300230
300231
300232
300233
300234
300235
300236
300237
300238
300239
300240
300241
300242
300243
300244
300245
300246
300247
300248
300249
300250
300251
300252
300253
300254
300255
300256
300257
300258
300259
300260
300261
300262
300263
300264
300265
300266
300267
300268
300269
300270
300271
300272
300273
300274
300275
300276
300277
300278
300279
300280
300281
300282
300283
300284
300285
300286
300287
300288
300289
300290
300291
300292
300293
300294
300295
300296
300297
300298
300299
300300
300301
300302
300303
300304
300305
300306
300307
300308
300309
300310
300311
300312
300313
300314
300315
300316
300317
300318
300319
300320
300321
300322
300323
300324
300325
300326
300327
300328
300329
300330
300331
300332
300333
300334
300335
300336
300337
300338
300339
300340
300341
300342
300343
300344
300345
300346
300347
300348
300349
300350
300351
300352
300353
300354
300355
300356
300357
300358
300359
300360
300362
300363
300365
300366
300367
300368
300369
300370
300371
300372
300373
300375
300376
300377
300378
300379
300380
300381
300382
300383
300384
300385
300386
300387
300388
300389
300390
300391
300392
300393
300395
300396
300397
